1461244097.01995 1.98514903817703e-05  1.6270679666996e-05  7.2840728679862e-06 -3.02830284498809e-06 1.4364330301231e-05 -6.6910130088252e-06 0.999999999869863
1461244097.299 -0.0301465257157476 -0.0753789529248669 -0.0341257052874709 0.0197682607805352 0.0269990844063349 -0.0533703361673486 0.998013964092846
1461244097.45783 -0.0817663363471131  -0.125689530832669 -0.0457579167282006 0.0136538359620723 0.0241990552153067 -0.0884005819671566 0.995697401622639
1461244097.57785 -0.129103533162575 -0.168276772083939 -0.054071833879496 0.0144920181660769 0.0114629991213554 -0.107972096983133 0.993982196688494
1461244097.69777  -0.178620397027329  -0.212446694753716 -0.0605585392319726 0.0228811244897153 -0.00641036031168931 -0.131604416000785 0.99101747669345
1461244097.81992  -0.224538787631521  -0.251513410185157 -0.0640218579294708 0.0246304676141978 -0.0245184614901562 -0.148372153360367 0.988320742076412
1461244097.97788  -0.282233351329564  -0.297791066605253 -0.0696489050168643 0.0317506032107516 -0.0468757745696266 -0.147723734470084 0.987406835720952
1461244098.0978  -0.332703592247281  -0.320452325203928 -0.0798612434749912 0.0330380433799792 -0.0799461538957968 -0.159430928114646 0.983411856409813
1461244098.21985  -0.385989713768954  -0.339809265284291 -0.0986889011492341 0.0336993080662451 -0.108953484589328 -0.186118089092762 0.975886034198747
1461244098.33775 -0.440985082537397 -0.364783877948096 -0.128611041477393 0.0459460813040835 -0.130952580657594 -0.21369279361742 0.966993158811322
1461244098.4578  -0.49793810761706  -0.38732070905793 -0.169870587979651 0.0477264775661584 -0.155832276161002 -0.222536774480218 0.961205425000062
1461244098.57775  -0.55868402967892 -0.413881298259691 -0.215284896408783 0.0557226755307318 -0.17191358494563 -0.214246551875352 0.959916203505473
1461244098.6979 -0.625146973048379 -0.440492185653111 -0.261158553865382 0.0657089579003989 -0.191281791540964 -0.193656216212566 0.959995249466764
1461244098.81987 -0.688653103459039 -0.460613036743212 -0.305292166581955 0.057877128713765 -0.213485176465487 -0.185018241692913 0.95751896463841
1461244098.97778 -0.768086407729422 -0.493634129158616 -0.362590003812028 0.0708487405444485 -0.232797774039799 -0.171110542935237 0.954728670597981
1461244099.13774 -0.854919526860222 -0.527762562624943 -0.409372066442349 0.0833067451695202 -0.245497031785511 -0.149613299580849 0.954152531926786
1461244099.25772 -0.917076227183472 -0.558275455549813 -0.445384947215748 0.0957534672758586 -0.223745885209908 -0.14006519509409 0.959766009754221
1461244099.37768  -0.99304807082171 -0.589593633924854 -0.484673207245838 0.107304515325074 -0.207656461479169 -0.132353342783431 0.963248217050441
1461244099.49773  -1.08606043437418 -0.625398007661839 -0.528995474181063 0.118264626549514 -0.223187428236873 -0.132665337480845 0.958436621908412
1461244099.61954  -1.17489453573195 -0.672830376590502 -0.577614496353295 0.133217850726755 -0.242990047471271 -0.101888655902393 0.95542008712192
1461244099.73764  -1.24831794077666 -0.720512200521695 -0.626100492612347 0.155297769201496 -0.24338661438183 -0.0812873354203409 0.953959080842072
1461244099.89777  -1.33869668274164 -0.767437501476295  -0.70309964171205 0.177531968578241 -0.25620013847633 -0.0770068248285598 0.947055351131742
1461244100.01978   -1.4077343728168 -0.796702136087947 -0.769335041866741 0.205258099713384 -0.273997866536913 -0.0631237840618019 0.937448488996057
1461244100.18057  -1.48474622093023 -0.829997554872051 -0.864682983756885 0.232170813848521 -0.276487783068576 -0.0390811878074173 0.931731656524721
1461244100.37763  -1.55519129066854   -0.8661933402342 -0.963986559153033 0.220148581890744 -0.270343124728349 0.00993919197939017 0.937203504723709
1461244100.57805  -1.60698951148229 -0.920799399737697  -1.05717874636876 0.23274381869923 -0.24181214300806 0.0201838972790069 0.941780129670286
1461244100.73765  -1.67666429906314 -0.970411036821804  -1.14817338376729 0.266345687411615 -0.223843180799417 0.0157777687651668 0.937392803055169
1461244100.89757 -1.77964534556443  -1.0158528641664 -1.24496139481965 0.273072127649008 -0.213802639594773 0.0151185116938866 0.937812068064659
1461244101.05746 -1.86834663975284 -1.08243852354217 -1.35563405025846 0.28761392403741 -0.209817654331457 0.0286415973368264 0.934041991311228
1461244101.21782  -1.9366025242656 -1.15222956439558 -1.47284897192867 0.305584120271156 -0.206781892449373 0.0585037224640861 0.927597385103583
1461244101.33761 -1.98794734148777 -1.18885265238204 -1.56706442041145 0.334017915741282 -0.210480247886666 0.0672847938611388 0.916298452322431
1461244101.45755 -2.04881896067647 -1.21347525944629 -1.67193417633796 0.357928295150907 -0.209385003741612 0.0429641114657882 0.908955081873932
1461244101.57747 -2.11181101603779 -1.22587948449601 -1.77309858737351 0.371674807817868 -0.22270881139822 0.0370250090495709 0.900493071191568
1461244101.69761 -2.18302918495766 -1.22988892987141 -1.87835971641512 0.370017286397363 -0.252589811888873 0.034404253585408 0.893365514239444
1461244101.82009 -2.25424194055965 -1.23428011311184 -1.98362145302317 0.370275776325262 -0.279666271373467 0.02646034589703 0.885427849244532
1461244101.9376 -2.32570362871696 -1.22787480228305 -2.08198823165382 0.370743085043792 -0.307701340860967 0.0292835603679639 0.875792168734541
1461244102.06069 -2.40167812756592 -1.21079756103285 -2.17585593415963 0.376136892986912 -0.333668992296284 0.0277681677911965 0.863953106465655
1461244102.17753  -2.4825855757349 -1.17997087303387 -2.25954076926494 0.367341732517599 -0.351169973056788 0.0191201147638918 0.86103084891639
1461244102.29751  -2.5577405405628 -1.14686010624547 -2.33870493379538 0.352190835639489 -0.367178632713928 0.0171670336496822 0.860724555200768
1461244102.45756 -2.65907812878088 -1.10779207937371 -2.44144858301048 0.333458386453651 -0.380335399883528 0.0261626686745238 0.862244746500083
1461244102.57756 -2.72920649345709  -1.0679231313565 -2.50632414219762 0.303689337922855 -0.403327676447171 0.0224848592049845 0.862898605022766
1461244102.69747  -2.7858166860428 -1.02479838511942 -2.56831641844626 0.286725222497763 -0.425124472980166 0.00203356094092305 0.85851831307599
1461244102.85753   -2.8352953415992 -0.964457603465288  -2.63997097403134 0.280127649588623 -0.450032144925512 -0.01146394707042 0.847860923965283
1461244103.05756  -2.86042348499952 -0.873710069502891  -2.69740681269221 0.24979705098407 -0.477260716702024 -0.00904281638227091 0.842461790875176
1461244103.21743  -2.85803546274189 -0.789715759995542  -2.70307745098937 0.195384504505236 -0.48138051967443 -0.00521159662325672 0.854441648059044
1461244103.3774  -2.83911338619919 -0.707734909453176  -2.68799515845595 0.144228458558144 -0.475069939602623 -0.00847443447164425 0.868006271975202
1461244103.5374  -2.80290001908075 -0.641350534627235  -2.64594015753303 0.112467344099023 -0.447019044409645 -0.0145167860864064 0.88730735000231
1461244103.65739 -2.75510667484482 -0.60356681872248 -2.59504060289221 0.0851716362281905 -0.420883500233905 -0.00375371719025081 0.903099541147223
1461244103.78016  -2.69680696127676 -0.572481658975817   -2.5267800993829 0.0713759996039549 -0.389190164708601 0.00801034946736203 0.918353045770546
1461244103.89744  -2.63051572313384 -0.538976327484712  -2.43734266575062 0.0558551560964007 -0.355056561289784 0.0224726242551864 0.932904079196573
1461244104.01742   -2.5561154256935 -0.509459696988622  -2.33820151868236 0.0414172437549541 -0.330186475997017 0.0376489041629724 0.942254776057804
1461244104.13759  -2.47112965445932 -0.488301741120433  -2.23431826923918 0.0386589678662212 -0.301624627734205 0.0368791073533899 0.951928568532607
1461244104.2574   -2.3785459141463 -0.475283414324897  -2.13131809063478 0.0331760211931316 -0.271115447358358 0.0312566199658246 0.961466998669108
1461244104.33889 -2.31615835798568 -0.46878801692737 -2.05974713802694 0.0186644197042532 -0.246311088829995 0.0320463080299143 0.968481038068448
1461244104.41991  -2.25241271580643 -0.471410661284674  -1.99065886290383 0.00347155139538422 -0.217210185273338 0.0312990113918157 0.975616756534207
1461244104.53736  -2.17387310104072 -0.490571023932517  -1.88725522079689 0.00293769425393128 -0.190979898522581 0.0407662433374739 0.98074265825288
1461244104.65746  -2.10308019741484 -0.518766035082292  -1.78084644390655 0.0115857762205055 -0.159986719615923 0.0253228954261403 0.986726289455765
1461244104.77728   -2.0346142510896 -0.555570194825569  -1.67652509510868 0.0322414492387349 -0.126101988374013 0.0126377867706221 0.99141266071432
1461244104.89738 -1.97009283074718 -0.60391856156921  -1.5729516473887 0.0546191025226535 -0.101035564195898 0.0206959005612788 0.99316677758934
1461244105.05733  -1.91754771688746 -0.672325435585066  -1.45522163186011 0.0689611063983011 -0.0884983325012334 0.000486326187077101 0.993686154897845
1461244105.25768  -1.91021386122229 -0.763283108785245  -1.32081251225962 0.0948764616919114 -0.0991470844495913 -0.00919528656452701 0.990496723551858
1461244105.41915  -1.94539013151128 -0.836992016615335  -1.20916072776599 0.125455209168369 -0.10088822459621 0.00421363688546652 0.98694721332731
1461244105.61737  -2.02254920209293 -0.930137939315952  -1.08095252624471 0.143879926094031 -0.11199729023257 0.0376559365742576 0.982515752692268
1461244105.77723 -2.09572305094015 -1.00200232935869 -1.00058603555371 0.15774106561585 -0.134307843156007 0.027482774914667 0.977918123652562
1461244105.89737  -2.16752499453765  -1.05078417938898 -0.945600326781566 0.161966874196796 -0.169474772654054 0.00234825299696183 0.972131430828485
1461244106.05727  -2.27058284474246  -1.10993986501367 -0.856011039899643 0.162071485169501 -0.199254165099236 -0.00148599771412756 0.966451448959725
1461244106.21975  -2.36844612804489  -1.18487373873096 -0.750269435799451 0.167731460320611 -0.218699263758957 0.0153535181235113 0.961145701093875
1461244106.38006  -2.44871585129656  -1.28340439007394 -0.648866111087671 0.179872544394155 -0.226334668431987 0.0162723959297713 0.957159179431332
1461244106.5373  -2.52432778756724  -1.37884337778292 -0.551465850021803 0.175711034340047 -0.234234323959857 0.0190351157810865 0.955979904735147
1461244106.65731  -2.58954347665659  -1.44400616124957 -0.470826290249737 0.171425626656854 -0.247631731704732 0.0304114505427072 0.95308285246043
1461244106.77726  -2.65560025010248  -1.50609647398933 -0.384416872478918 0.173341405813059 -0.253810111875235 0.0203421467353588 0.951377622822205
1461244106.89717  -2.71894431031646  -1.56798635291294 -0.299438907442701 0.185133777179831 -0.25545357778756 0.0147371968991782 0.94881598277549
1461244107.01938  -2.76792314721008  -1.62796722220641 -0.219383131978601 0.189583364877139 -0.251332230188405 0.00692633720760291 0.949127116714759
1461244107.13731  -2.80445048868955  -1.68420734095756 -0.144035834865953 0.184240657683593 -0.251456115596379 0.0148796611798275 0.950054628781246
1461244107.25728   -2.84402834754731   -1.73381573591705 -0.0719753352447141 0.183440546830961 -0.252968531970209 0.00909804922426987 0.949880894171216
1461244107.37729    -2.88827765594807    -1.77183531421917 -0.00131088619288711 0.184000686836192 -0.257911079748554 0.00942252686256989 0.948439158920734
1461244107.49793  -2.93514076070629  -1.80386878434282 0.0708072170330371 0.182994286005362 -0.265699311832485 0.00594806195022034 0.946510215232867
1461244107.57745 -2.96294798083475 -1.82876516793847 0.116014338657953 0.187095643120361 -0.266687567738367 0.00611744361947481 0.945428759041492
1461244107.69745 -3.00357459411314 -1.86641189204478 0.173000405712499 0.186496628322889 -0.271212289254393 -0.00434403714292246 0.944269045941297
1461244107.82355 -3.03862986405999 -1.90387486222523  0.21894097762622 0.188720225514977 -0.266113470150374 -0.00299469035254395 0.945282671646844
1461244107.93719 -3.08526370558772 -1.93644957544104 0.256511679892729 0.185222742191706 -0.28497363086786 0.00291280024219629 0.940464821819361
1461244108.05718 -3.13723258874498 -1.96444339679172 0.298469406546932 0.180602223178909 -0.299359528824397 -0.00172886932416442 0.936890452772217
1461244108.13722  -3.1707854930689 -1.98259564028504 0.331623809964069 0.178182692941229 -0.306360680267184 0.00192458807102692 0.935088422280587
1461244108.21959 -3.20515411591672 -2.00298148444588 0.366229395644921 0.174029947025937 -0.306317934776202 0.00374959587214954 0.935878646461916
1461244108.29723 -3.23492878033778 -2.02452999938863 0.401156257576401 0.17460058341723 -0.296104813123036 0.00140312875348372 0.939060491739183
1461244108.37997  -3.2545755923261 -2.04405853995573 0.434036667429304 0.172262092033527 -0.276571337118571 -0.00234623647138482 0.945425069641745
1461244108.49714 -3.29887310823121 -2.06666878418942 0.469269398383862 0.156844715577989 -0.266883906929293 -0.00855268253138092 0.950841504688838
1461244108.62027 -3.33715190408031 -2.09390445122172 0.501557183496897 0.153293791191376 -0.268089285912067 -0.00428398891430942 0.951110296338082
1461244108.73711 -3.36776871072779 -2.11363993297776 0.531575574348144 0.150373349166598 -0.251242678978044 -0.00147363617792454 0.956170905495859
1461244108.85714  -3.3938253227526 -2.12989805619488 0.556566134701928 0.147054119220026 -0.254497211997161 -0.0110580994428846 0.955763555249313
1461244109.0598 -3.43656966084277 -2.15475717280122 0.588443273072461 0.140440274603598 -0.257215539208814 -0.0175792747822608 0.955932876700511
1461244109.22002 -3.46612395181635 -2.17905854704397  0.61505085759965 0.14790407307337 -0.257873484776664 -0.0168963319645589 0.95464138030131
1461244109.33713  -3.4972623445376   -2.195916659682 0.641211809132064 0.154143073036219 -0.261438202885763 -0.0166727592679135 0.952686726161968
1461244109.45709 -3.52968356861089 -2.21050985368553 0.678409055427145 0.159191324354312 -0.264689844329413 -0.0190304743009829 0.950912850689836
1461244109.61812  -3.5748230081051 -2.23896287963789 0.733097793624784 0.164500111220637 -0.255154531359205 -0.0200307466569906 0.95259364249591
1461244109.81899 -3.62006072011554 -2.28068509209109  0.79416747508723 0.172968274435207 -0.249265255197269 -0.0215419019775373 0.952619942605412
1461244110.05699  -3.6596329047677 -2.32361765608603 0.855863558446676 0.159703303194596 -0.246385675587817 -0.021105272676871 0.955690075955121
1461244110.33715 -3.72841944851477 -2.37528775811375 0.903709117377836 0.178938172464137 -0.256071323097696 -0.0554035432967914 0.948334885635001
1461244110.657 -3.81619337193635 -2.44369431637059  0.98185952189533 0.199777271295753 -0.257367322838109 -0.0634883248689228 0.94330288646548
1461244110.85705 -3.85172627550271 -2.49345459148039  1.04665523927413 0.198985645814763 -0.235207272731008 -0.0556602325883054 0.949728482316045
1461244111.05703 -3.87579796702601 -2.54076383551351  1.11088951349983 0.194417752213482 -0.195277372930955 -0.0331878547345001 0.960711742170129
1461244111.29752 -3.93104150283158 -2.59433812968768  1.19694765565849 0.184282144503876 -0.174773975107249 -0.026296090061098 0.966851935142999
1461244111.45728 -3.97205498722429 -2.62166589408564  1.28005993799134 0.169600147957001 -0.153058291113266 -0.0102592376861822 0.973500743387774
1461244111.62048 -4.00960920526762 -2.66103252687483  1.36117095180347 0.135858587841087 -0.134902126153732 0.00387478872043938 0.981493171897492
1461244111.73857 -4.02265912623685 -2.69514248083038  1.41795100435803 0.121610559667181 -0.110425923416965 0.0277820940283701 0.986024919799872
1461244111.89682 -4.04124130210233  -2.7428378752397  1.49931850512136 0.121298319905082 -0.0898232992217384 0.040886869773659 0.987697704961006
1461244112.01894 -4.05294023980756 -2.76682379491636  1.57595414573739 0.105187321853031 -0.0691528951991782 0.0472904291518245 0.990917312250419
1461244112.1769 -4.05802314500638 -2.79809363959723  1.68411481725011 0.0885858906283349 -0.0308890455936988 0.0581624847267355 0.993889094524287
1461244112.33732 -4.05323991620777 -2.83583087222559  1.78863611107631 0.0763244892257407 0.00623474274492261 0.077118534517871 0.994076673079673
1461244112.50043 -4.02849668766875  -2.8713708235895  1.90197507200321 0.0603512734338294 0.0426440199353097 0.0820690971530955 0.993883229887268
1461244112.6192  -4.0074435594069 -2.88994776661068  1.98984730815279 0.0505433818980352 0.0628487075513 0.0816827649668616 0.993389818959712
1461244112.73689 -3.97723779023769  -2.9040941602841  2.08404763941102 0.0460172969237761 0.08620746519254 0.0797963801896928 0.992009686967586
1461244112.85681 -3.94121630198932 -2.92032545348247  2.18336657048111 0.0418972203438168 0.101841090739402 0.0735548703335588 0.991192562630836
1461244112.97685 -3.90516930605466 -2.94505677169042  2.27631299138626 0.0394215086962836 0.107945251797522 0.0684236561617911 0.99101562578192
1461244113.09679 -3.87249171856709  -2.9728672310073  2.36343955739481 0.0421867903362218 0.100293312104887 0.0634910669122859 0.992033472565568
1461244113.21685 -3.84144999151124 -2.99144532871399  2.45360049695537 0.0399037568991731 0.0920117672599937 0.0593376926346268 0.993187073568632
1461244113.29685 -3.82339069850702 -2.99807835182913  2.51761356951985 0.04201865083913 0.0854700288665035 0.0575034115380011 0.993792063164478
1461244113.37683  -3.8020630252395 -3.00057119265302  2.58547853051754 0.0405540886903317 0.0897926896123235 0.0516398314524357 0.993793724366503
1461244113.45678 -3.77764940700373 -3.00371590547537  2.65735249312642 0.0409899557251813 0.0972886527246228 0.045358539409351 0.993376738444849
1461244113.57804 -3.73475502382013 -3.01263259450367  2.76323918043286 0.0415296284900629 0.111508741890036 0.0449279565258071 0.991878303604829
1461244113.738 -3.67147500008366 -3.03864906674409  2.89713524974817 0.0374907124324149 0.121128599148485 0.0425965001177636 0.991013545380361
1461244113.93936 -3.59526061647576 -3.05764632672852  3.06843328035638 0.0296765441462574 0.120851312656475 0.0454267422465919 0.991186498115064
1461244114.09684 -3.52881543797042 -3.05706108108329  3.21032817959303 0.0353095486818903 0.126439039591989 0.0446885075131719 0.990337993987498
1461244114.21904 -3.47446172782563 -3.06379182411205  3.31583112058805 0.038504202395784 0.121698246316113 0.0489755402574018 0.990610094688088
1461244114.33686 -3.42072522539313 -3.07991369638874  3.40926665140693 0.0369250494501499 0.111149339707711 0.0486374815336896 0.991925783713532
1461244114.4568 -3.37144447177921  -3.0946199245148  3.50221530831519 0.0424218249856456 0.098446468662869 0.0533338100619949 0.992806217887947
1461244114.57671 -3.32535638070048 -3.09575821760682  3.60397436338308 0.0453170471183609 0.0916946309734882 0.0532523346060993 0.993329073746514
1461244114.69682  -3.2803791801774 -3.09699046315373  3.71642450757742 0.0543211224595189 0.090013830313704 0.0398314875281083 0.993659991449939
1461244114.81893 -3.22833312745104 -3.10115087288619  3.82757435844279 0.0595059365212534 0.0944471873911232 0.0356740416469292 0.993109326844335
1461244114.93686  -3.1715843028358 -3.11161784594054  3.93045276007814 0.0557305003982032 0.0956372620616095 0.0324867818676873 0.993323831605085
1461244115.05678 -3.11948453979366 -3.12333240606028  4.02549741789632 0.0497174124356149 0.085958494607067 0.0317433804442729 0.994550991102801
1461244115.13678 -3.08546290250639 -3.12815492565049  4.08883896346929 0.0536677265360407 0.0855341776557668 0.0332698370837904 0.994332337562056
1461244115.25895 -3.03472769811914 -3.12702938209241  4.18661496252618 0.0589885209941774 0.0832704009366524 0.0375355634372008 0.994071162541305
1461244115.3368 -2.99980270747555 -3.12490169356202  4.25298752812102 0.0612734855157852 0.0813269932719202 0.0370807876431709 0.99411090695448
1461244115.45673  -2.9443108487494 -3.12797886299036  4.35214466314159 0.063070489953829 0.0675161202548909 0.0377758027154677 0.995005867084166
1461244115.53675 -2.90591183333238 -3.13447705678284  4.41400673535151 0.0620913351364618 0.0580292342138846 0.039748184647565 0.995588949263071
1461244115.61858 -2.86914364510133 -3.14470699666444  4.47315381479214 0.0642033071589114 0.0508656252892014 0.0371010055551044 0.995948863597222
1461244115.69675 -2.83460137233745 -3.15362952617265  4.53260769753838 0.0695773244841143 0.043019305254231 0.0380607878116025 0.995921538939808
1461244115.77827 -2.80290678275692 -3.15796001523049  4.59365432815394 0.0743341516855341 0.0359292732347215 0.0388773668190866 0.995827330196973
1461244115.85785 -2.77364783123418 -3.15757925202688  4.65805285407368 0.0768272958685048 0.0326354440614233 0.0349877426788025 0.99589575371255
1461244115.93684 -2.74599882550973 -3.15470178109902  4.72594482177984 0.0797076238175879 0.0294253628818483 0.036349876551651 0.995720608001715
1461244116.01918 -2.72116860403055 -3.15533309278903  4.79174499409431 0.0792644267882507 0.0215190376140746 0.0270712259978039 0.996253597428421
1461244116.09675  -2.6955516437524 -3.16305350267671  4.85435506732431 0.0836584390006629 0.0177358851682267 0.0213280209790364 0.996108337221605
1461244116.17764 -2.66886707361822 -3.17533859690841  4.91270656902264 0.0895964677390223 0.012210851535068 0.0225658385134128 0.995647603826608
1461244116.25678 -2.64407299677584 -3.18921094150473  4.96588814405171 0.0967622669837361 0.00255822339723287 0.0224652223501142 0.995050668542049
1461244116.339 -2.61594831092593  -3.1988695887776  5.01917754563395 0.0991888817097678 -0.00572783289720902 0.0230770829985637 0.99478450224948
1461244116.41887 -2.59308325063537 -3.20459250090713  5.07125472708405 0.101844857375437 -0.0211505755053094 0.0191982314016553 0.994390117656556
1461244116.49672 -2.57088471060097 -3.20815108053526  5.12553202026213 0.109520829092766 -0.0367588524982949 0.0119841671986006 0.993232276204513
1461244116.57754 -2.54711418823492 -3.21008612418563  5.18083036354056 0.12104575774383 -0.0536695366620446 0.00797713113176063 0.991162888099434
1461244116.65671 -2.52015988923348 -3.21022891868225  5.23541263059841 0.128979204348624 -0.0700025082477416 0.00659621685836066 0.989151405805895
1461244116.73673 -2.49122784513979 -3.21145422254127  5.28793262271146 0.132449760046144 -0.0923103482567122 0.00460498238250301 0.986871143972555
1461244116.81727 -2.46411040359523 -3.21438097885704  5.33410073004307 0.137095612423315 -0.117602914447043 -0.0012884381583771 0.983551059932808
1461244116.89684 -2.43410823476732 -3.21840731501295  5.37761751796263 0.138958618759817 -0.130112727651629 -0.00344725901226861 0.981707337642293
1461244117.01674 -2.39910315871865 -3.22471943378872  5.43840162757858 0.141124264434658 -0.154521890869659 -0.00796837806616543 0.977825870071372
1461244117.13686 -2.37971506473277 -3.22948216887624  5.49973438795935 0.160954061211668 -0.186801259515541 -0.0125350235106978 0.969041770414704
1461244117.25675 -2.36909621340143 -3.22885106176154  5.57009934886652 0.173295514377145 -0.215465252170312 -0.0336451330733332 0.960422508495309
1461244117.37669 -2.35817766119102 -3.23176692053281  5.64239559765065 0.184310643344153 -0.237119785470223 -0.0539290359215163 0.952310586506942
1461244117.4967 -2.34592089518365 -3.24838322001394  5.71335501417287 0.1924619485445 -0.266986182382803 -0.0771725445991344 0.94112760831845
1461244117.61897 -2.33012407722219 -3.26843928032663  5.77094668083707 0.200716452793399 -0.293054882698432 -0.0724668574170312 0.93197655328916
1461244117.73662 -2.32255603968791 -3.28831599598738  5.82613634619363 0.209412144814369 -0.321659855962548 -0.0820511907417191 0.919754909073208
1461244117.85662 -2.32094292598349 -3.30625073575692  5.87978579959249 0.22386257849059 -0.355766953261433 -0.0906979093198455 0.902822967233129
1461244117.97664 -2.31742592932748 -3.32020771209732  5.93567870620648 0.233396550569054 -0.380566673431705 -0.104422678446036 0.888701840597705
1461244118.09663 -2.31551749160873 -3.34144000761303  5.98795032826652 0.252872337188464 -0.41143607942511 -0.115404150136582 0.868019478907813
1461244118.21924 -2.32021370107257 -3.36113191262183  6.02902841183772 0.262300159159563 -0.445998241283246 -0.121542445773532 0.847060581748736
1461244118.33653 -2.32314596305723 -3.37894732603787  6.07215073874082 0.260900483527057 -0.473611396621322 -0.145863796195957 0.828460581829367
1461244118.45662 -2.34086681771163 -3.39348063246071  6.10223417053273 0.253188300646237 -0.512910737038856 -0.170952724413824 0.802242747715191
1461244118.57652 -2.36741703961455 -3.40923007126446  6.13514865921852 0.247086378410668 -0.538718150936353 -0.180539709870554 0.784943621297398
1461244118.69728 -2.40303115293973 -3.42323287513177  6.16589336651956 0.239036559025144 -0.56039701322851 -0.18659960594176 0.770712201847333
1461244118.85657 -2.45141655538732 -3.44077635258028  6.20309950707971 0.23649667150512 -0.574716563247341 -0.202874439274391 0.756711410106433
1461244119.01899 -2.49842063115388 -3.46282092001288  6.22367522196437 0.235880046557382 -0.589751867162341 -0.206300476202301 0.744307364153629
1461244119.17675 -2.54264179163899 -3.47970764464863  6.23710354746333 0.229989503529764 -0.607664908199633 -0.215230557980875 0.72905692131692
1461244119.33773 -2.58916281948029 -3.49386476133872  6.24235693986663 0.22911088402948 -0.61814413541521 -0.227952171127774 0.716549955236302
1461244119.49653 -2.64800892824883 -3.51359810377216  6.25691992667018 0.227666321337451 -0.631728304494759 -0.23325561709202 0.703334353294272
1461244119.61861 -2.69691123419485 -3.53413756176484  6.27030325180996 0.224927616923221 -0.633846144621939 -0.238089671089895 0.700685336376787
1461244119.69654 -2.72871833664336 -3.55221516234796  6.28041131270312 0.224233983772385 -0.637469723935015 -0.239141893620061 0.697253631258808
1461244119.77643 -2.75783956406576 -3.57538480540934  6.29788999468306 0.219196156804691 -0.630249253974675 -0.229789723675416 0.708474138977277
1461244119.85877 -2.78484127252302 -3.59816383899405   6.3163650630712 0.214205280178174 -0.62003985826677 -0.218603146970918 0.722412165068339
1461244119.93748 -2.81050410512846 -3.61684612526319  6.32942427423917 0.208312010864998 -0.606069958108287 -0.20461618790185 0.739876697603401
1461244120.05647 -2.85133115966301 -3.63882395825624  6.35018338993824 0.198121642263684 -0.602880092918099 -0.205247448388986 0.745088513775119
1461244120.2186 -2.91126401959294 -3.66030589937111  6.36124637518027 0.187065003646442 -0.603639400149308 -0.209680146132576 0.746096773425513
1461244120.37661 -2.98720971978015 -3.67809541956402  6.37100845267329 0.177426696515172 -0.607267593973106 -0.232258071502105 0.738784153116424
1461244120.49641 -3.04604149164162 -3.70221305779478  6.37481105404167 0.183284789791829 -0.603799850786289 -0.24541063132675 0.735938888803429
1461244120.61863 -3.10127798868211 -3.73214438007922  6.36852500786788 0.187321103965147 -0.598415893482982 -0.253215216345712 0.736675828738284
1461244120.77649 -3.17872944478395 -3.77435629411942  6.35075420534643 0.209109457197286 -0.607014677124293 -0.259600519544738 0.721397246264809
1461244120.93642 -3.25922703180424 -3.80233751215717  6.33346696834578 0.218980241036445 -0.616097076275438 -0.283008388684562 0.701696728348255
1461244121.0964 -3.34948218356606 -3.83299979581483  6.31366261390336 0.23543077899379 -0.634646363974764 -0.295975941746195 0.673939598853963
1461244121.25637  -3.4380732967163 -3.87662101032386  6.28540221676888 0.258092071371416 -0.663783321477985 -0.286692442092229 0.6407711201904
1461244121.37632 -3.49491054323797 -3.90790039590157  6.25566298895908 0.267258081338483 -0.688839089363061 -0.287271303518037 0.609548213925519
1461244121.49648 -3.54442178479168 -3.93674875294231  6.21566531792711 0.287844114752077 -0.704665005674006 -0.291148697042208 0.579504470726215
1461244121.61897 -3.59558204393765 -3.95565180072794  6.16355676776808 0.311633042226718 -0.71922995543248 -0.299494782470342 0.543963228053291
1461244121.73644 -3.65388096828181  -3.9629081880165  6.10521940273514 0.333105821616718 -0.731935672311499 -0.314115474631547 0.504620800007257
1461244121.85643 -3.71715984450763 -3.97095667965009  6.03915559862792 0.353617757335206 -0.742308080718098 -0.313873597945732 0.474780538259977
1461244121.97634  -3.780533676302 -3.9841912572613 5.96897186967193 0.362445807574356 -0.75344951604975 -0.304625815828403 0.456234562113668
1461244122.09624 -3.83694966173041 -4.00522582720122  5.89353936473518 0.364778342044333 -0.769735912040638 -0.287725896616553 0.437786700696304
1461244122.21805 -3.89735327944592 -4.03225470687748   5.8287846655683 0.363471533620594 -0.769756206181646 -0.272484800367768 0.448459430562977
1461244122.33863 -3.95987903470288 -4.05792352128244  5.76870104348704 0.360473267990439 -0.771433320181418 -0.245256207209621 0.463464182438425
1461244122.45624 -4.03003111326704 -4.07078671052921  5.70310395611894 0.358490852778555 -0.774749871293748 -0.239941138850633 0.462250143635983
1461244122.57624 -4.10964044739011 -4.08565614667592  5.63340386841163 0.358996982616481 -0.770843421467538 -0.24359054013745 0.466460325009564
1461244122.65625 -4.16339011559538 -4.10721910064572  5.58887251528533 0.357140191105704 -0.770763765722613 -0.234672579926923 0.472549343007183
1461244122.73637 -4.21738342707021 -4.13304209132527  5.54474148468674 0.349268078162559 -0.768353470157717 -0.227844721988657 0.485521922404271
1461244122.81815 -4.26951608861885  -4.1633397532915  5.50063457255805 0.353896595664722 -0.758767945257056 -0.220313295961678 0.500490216137946
1461244122.89623 -4.31810972698553 -4.19558870199451    5.455307227386 0.372453666095281 -0.744888276002496 -0.21319958177729 0.510847982492055
1461244122.97626 -4.36848944339623 -4.22290319256783  5.40803603128642 0.382865372167249 -0.739010458736714 -0.207359793496604 0.514081282205481
1461244123.0563 -4.42235401768223 -4.24853494806773  5.35869790871661 0.395271136187784 -0.73246880228211 -0.194447710209722 0.519076362950988
1461244123.13677 -4.48347370100928 -4.27040061565762  5.30990295485729 0.392861335630888 -0.727934110632634 -0.178852009176725 0.532713675774556
1461244123.21928 -4.54979715743272 -4.29359142810755  5.26491985607958 0.37487571754117 -0.720848903842921 -0.161082537102244 0.56026553567675
1461244123.29637 -4.61486834240783 -4.32265488789142  5.22193262367323 0.356833848363839 -0.709401552904652 -0.133450468486927 0.5929671271318
1461244123.41979 -4.71260490379089 -4.37292145736155   5.1689270152615 0.322048038181204 -0.700375370027442 -0.107937181218201 0.627780986549634
1461244123.49624 -4.77719234715512 -4.40789167121929  5.14385626834118 0.306229051814295 -0.686123251020429 -0.0961546886280092 0.652849851105846
1461244123.61819 -4.87345524089556 -4.45080943712576  5.11332037622353 0.284891558561408 -0.671828965690004 -0.0838237061578224 0.678569249971083
1461244123.73633 -4.96719263657222 -4.48785352328607  5.09199176705556 0.2795050745082 -0.661912961954573 -0.0795134237226423 0.690960027475246
1461244123.85725 -5.05455158576606  -4.5247720484789  5.08486327558186 0.279100592527563 -0.644159530705655 -0.0750200321103632 0.708190195522357
1461244123.9363 -5.11154985208785 -4.55397036116984  5.08765343126511 0.274222517213113 -0.631366036771837 -0.0597144218731079 0.722919861730668
1461244124.05621 -5.19636899389216 -4.59958189606582   5.0956067648996 0.257286463169339 -0.612460351407169 -0.0595527788412592 0.745083525758222
1461244124.17684 -5.27747285419029 -4.65395776773912  5.09564109259655 0.248802373896848 -0.609516646857878 -0.04282747452034 0.751500261724925
1461244124.29632 -5.35781403450006  -4.7090210123703   5.0987048197086 0.246935677458897 -0.601671864326097 -0.0318288725267696 0.758947074406344
1461244124.41904 -5.44404868235983 -4.76179559500061   5.1129125377878 0.237595985751048 -0.590337778698947 -0.0265505707783795 0.770937430526709
1461244124.53628 -5.53568639323752 -4.82038642256039  5.13438392337746 0.231645498770954 -0.575226213500777 -0.0230262038047231 0.784171511940505
1461244124.61893 -5.59566263180376  -4.8676297203707  5.15853392139975 0.225493760060117 -0.552207217838368 -0.00391567420535832 0.80262346105548
1461244124.69621 -5.6500392247154 -4.9155379721931 5.18790842696846 0.223942555950622 -0.524288957763099 0.00682947992051326 0.821537691530949
1461244124.77611 -5.70080089766367  -4.9639595423622  5.21764369003907 0.221919708922699 -0.499821127588914 0.0117918916188218 0.837132865499534
1461244124.85606 -5.75010474961051 -5.00545028300944  5.25017729607938 0.210709465213722 -0.482128642643878 0.0163997699946107 0.850226170354596
1461244124.93616 -5.80222487979477 -5.03722599363597  5.28805785286929 0.1831063485609 -0.471192319943026 0.00958846212347212 0.862761800346718
1461244125.01799 -5.84661869741305 -5.07734041493954  5.33244347068898 0.177507927541281 -0.449338653185774 0.019679857238939 0.875327603604644
1461244125.1361 -5.90276852706271 -5.11959136372593  5.40821732450387 0.160334094702876 -0.431183400368078 0.0315179628946727 0.887344618137622
1461244125.218 -5.92956377924575 -5.14882268568543  5.46541082695897 0.158121672378982 -0.405539836710589 0.0352808727703136 0.899605601128288
1461244125.29621 -5.95230562453899 -5.18005624337462  5.52277764320826 0.156733750184493 -0.386300696933348 0.0479731426542156 0.907692062698464
1461244125.37608 -5.96994628331365 -5.21095628242404  5.57989067601647 0.151930138356969 -0.368263935885803 0.0510134636583832 0.915803763428773
1461244125.45648 -5.98118445179479 -5.24211984783248  5.63945013028288 0.139585112077825 -0.347077364221859 0.0623091613686031 0.925295016813864
1461244125.53601  -5.9870463154286 -5.27902662367982  5.69182238430294 0.142081984275835 -0.331274015997114 0.0721732913105739 0.929979167557416
1461244125.62207 -5.98121020269569 -5.30793918584161  5.73937372625807 0.140281146925782 -0.30640880349813 0.0798893704322705 0.938111151968661
1461244125.69612 -5.97181933958166 -5.33331373013915  5.78439076178329 0.13383775888688 -0.286228350191827 0.0923406643536676 0.944263727752647
1461244125.7761  -5.9546632080934 -5.35555994229012    5.826255423006 0.130338731243169 -0.25984964472115 0.109329500934285 0.950545652507902
1461244125.8563 -5.93444092672623 -5.37227065685576  5.86380267461396 0.123137284490451 -0.232293888153402 0.116809301958779 0.957722478419921
1461244125.97605 -5.90242289583304  -5.3868752722498  5.90986862718095 0.115690442358187 -0.196338376869066 0.129302377905187 0.965063655094032
1461244126.09611 -5.87062466715485 -5.38381117203186  5.94341557408361 0.106005499813138 -0.16290976682326 0.129250867229656 0.972377218574839
1461244126.25685 -5.83372484761415 -5.35261499543365  5.97080025130758 0.0886781578066513 -0.128869112289798 0.125518781306113 0.979680545772491
1461244126.41852 -5.78628648143935 -5.29714024377059  5.97096977338218 0.0727671796983032 -0.100122231537913 0.125233544017572 0.984376470545402
1461244126.53608 -5.73793125337833 -5.24897513279618  5.95603612712557 0.0628106805893382 -0.0766369790553997 0.113788525612849 0.988551345800521
1461244126.6561 -5.68746130084229 -5.20198441033212   5.9332948665497 0.0665175804204267 -0.0702396125385102 0.107966684896713 0.989436710092094
1461244126.77622 -5.62651829224937 -5.14378386435675  5.90560742549536 0.0620687875592368 -0.0610484582614817 0.101122468452327 0.991057413941761
1461244126.89644 -5.55467109600582 -5.07944731368003  5.86984130600926 0.05935849415086 -0.0463665557279174 0.0980492309969689 0.992327093242433
1461244127.01854 -5.47688329662831 -5.00804048564424  5.82752547776254 0.0568074540801469 -0.0347850566654207 0.102021766847108 0.992549480924306
1461244127.13606 -5.41126386810702 -4.93669205526318  5.79071283037044 0.0393025467989478 -0.0335551667173711 0.0960683374434566 0.994032310914759
1461244127.25606 -5.35403644522109 -4.87394633688684  5.75777560372617 0.0423785786238839 -0.0355526741313308 0.107582754420833 0.992656040321701
1461244127.37706 -5.30092754795668 -4.80529845043908  5.73816594178162 0.0215677092465199 -0.0321470179326456 0.0997224123398497 0.994261959260746
1461244127.49604 -5.25426474752922 -4.74327390074766  5.72914629835234 0.00577058849244257 -0.0365838962921029 0.0936081747788399 0.994920011083863
1461244127.61973 -5.20149917329271 -4.68974724177884   5.7309205724873 0.00114608312208236 -0.0358316778703142 0.0868975879656727 0.995571989642248
1461244127.69601 -5.16156671602185 -4.65234118376153  5.73635663094742 -0.00984096161920729 -0.0302150703367019 0.0810840687171084 0.996200571571426
1461244127.77608 -5.11752017246851 -4.61465712142517  5.74147681845297 -0.033121733226385 -0.0176237804361304 0.0771523461600553 0.996313137840317
1461244127.85581 -5.07383004480947 -4.58778049458469  5.74531432084657 -0.0410649372899861 -0.00673881646797509 0.078660859256331 0.996032493696383
1461244127.93605 -5.0325823182507  -4.568317904009  5.7481794519925 -0.0389165784745717 -0.00397427104450746 0.0847978822518533 0.995629963518123
1461244128.01813 -4.98859160255677 -4.55093791061079  5.75221156069317 -0.0372625022143596 0.00392263764408607 0.090934652825642 0.99515175112046
1461244128.09599 -4.94216198191034 -4.53245718020616  5.75636647532555 -0.0371827904913683 0.0186868602625191 0.102008311883874 0.993912745491981
1461244128.1759 -4.89618256551968   -4.510580922143  5.76384898953911 -0.0384214675102428 0.0359220872934559 0.114904170294624 0.991983077541016
1461244128.25615 -4.85093152646151 -4.48388526941809  5.77726214847648 -0.0469571622394156 0.0469370448288628 0.119005891633331 0.990671255509975
1461244128.33597 -4.81333568926006 -4.45658956530206  5.78906882078515 -0.0601760989835639 0.0547035243054644 0.12477379764437 0.988846732795879
1461244128.41808 -4.77427195185036 -4.43158115029692  5.80540401638566 -0.0641562358156593 0.0591943007731336 0.134323823429406 0.987085164826851
1461244128.49592 -4.73260487430564 -4.40713672056964  5.82411504093858 -0.0684770187096547 0.0651295374201005 0.140920995917415 0.985500032558967
1461244128.57589 -4.68794879060598 -4.38232540761248  5.84622042558535 -0.0736996336480919 0.0682499892224797 0.147995396758506 0.983873805683209
1461244128.65597 -4.63486880483998 -4.35782965230552  5.86859127340424 -0.0818958403333434 0.0767793895592934 0.150819638822904 0.982166703375922
1461244128.73601 -4.58361924689075 -4.33597447735051   5.8893708856628 -0.0948336949017992 0.0890467396555101 0.14868100253108 0.9802913893095
1461244128.81846 -4.52877595835032   -4.317428766949  5.90812135446386 -0.102016222727731 0.107876304999528 0.160124428307968 0.975866569044693
1461244128.89615 -4.46887951333105 -4.30176426204002  5.92492156543947 -0.112899621220414 0.140099567181616 0.161940750319886 0.970258202845842
1461244128.97586  -4.4189848382304 -4.28659558853689  5.94516389390976 -0.120118349113323 0.169136521011428 0.168948660405414 0.963545935393667
1461244129.05619 -4.37315095285414 -4.26878691896768  5.96954829015198 -0.131501680799052 0.184908069389975 0.174736642492961 0.958114512775891
1461244129.17599 -4.31679906735775 -4.23758744436096   6.0202865134613 -0.149896506620529 0.197384425958918 0.189010299177753 0.950181841805329
1461244129.29588 -4.25812158899733 -4.20483698128865  6.08119094220932 -0.165490906341488 0.230102026018094 0.208463990246592 0.936060138191511
1461244129.41975 -4.19982641680749 -4.17916949643815  6.14964544985573 -0.175709462689199 0.257582700232728 0.225516653066371 0.922994895138663
1461244129.53591 -4.14125749425399 -4.16532824389648  6.21375753271739 -0.187719692578243 0.287492362103916 0.250302078209924 0.905239376294488
1461244129.65611 -4.08192993961992 -4.15346474459848  6.27187575917961 -0.207174874604164 0.312882818123753 0.263031961593047 0.888817810710498
1461244129.77592  -4.0127981151629 -4.13941454844795  6.32519726838508 -0.207661395847398 0.346455188720602 0.274654234287856 0.872588447362807
1461244129.89593 -3.94007205214814 -4.11727332325264  6.37843163032772 -0.205592449720332 0.385469954227807 0.28220240202728 0.85411150518866
1461244129.97579 -3.89052294387483 -4.09453132625446  6.41119058482929 -0.215172642936628 0.405713321564276 0.284042150570981 0.841675407230104
1461244130.05596 -3.83903547019676  -4.0737364133631  6.44051711237322 -0.218346362517017 0.429432811442745 0.291771014877487 0.826306239422969
1461244130.13581 -3.78775762937433  -4.0543263374008  6.46569058751493 -0.223211386508375 0.451267115464467 0.305328775808073 0.808275328150583
1461244130.21772  -3.7357176297627 -4.03880909038285  6.48756609646708 -0.235362366793108 0.471895025129771 0.312647118518687 0.790045201768406
1461244130.29591 -3.68195974173829 -4.02425680100861  6.50609954346411 -0.245828608095762 0.497578651339723 0.315826503795452 0.769569620419741
1461244130.37639 -3.62727720593758  -4.0097266426953  6.52208321848085 -0.245157732426654 0.527433864364306 0.323791064413689 0.746237597256401
1461244130.45685 -3.57178281019919 -3.99235325243539  6.53528149340946 -0.253860570856545 0.559648448730785 0.323086264720706 0.719696943127062
1461244130.53575  -3.5178967506792 -3.97169559416378  6.54840741716801 -0.267604388016917 0.591464016251005 0.321111497628633 0.689525644979952
1461244130.61758 -3.46410598313622 -3.95039134932848  6.56508121912546 -0.267303058124874 0.620180219489568 0.321937972714284 0.663537121942381
1461244130.69589 -3.41032684872402  -3.9255698774257  6.57931877642689 -0.26293819099986 0.648877569473078 0.328736748701183 0.633840325004498
1461244130.77572 -3.36092174250587  -3.9042396977531  6.59571423190453 -0.27817105849589 0.659301821411773 0.332179993399437 0.614490376233464
1461244130.85576 -3.31214286557855 -3.88477044861274   6.6084729221683 -0.290989022891935 0.668169318357364 0.33770436556589 0.595676852026325
1461244130.93574 -3.26213584345343 -3.86481103504925  6.61510758603682 -0.286067265439529 0.686452473280077 0.343687919865301 0.573434508300885
1461244131.01769 -3.21292249576621 -3.84566617415539  6.62086554437173 -0.286526702067827 0.695599033630263 0.347919462916382 0.559460884011345
1461244131.09578 -3.16473855349067   -3.822074313783  6.62219934188885 -0.287561024812266 0.70916065385663 0.344678493903174 0.543687925073931
1461244131.17584 -3.11517574548755 -3.79566400076984   6.6258378870697 -0.28852082724506 0.714433959734987 0.340192341331433 0.539081645321607
1461244131.25577 -3.06852031593847 -3.76964314658249  6.62923436650677 -0.292872706416518 0.717801687132982 0.333143437606761 0.536657959751701
1461244131.33581 -3.0236745489486 -3.7445833425433 6.63298320031617 -0.294523088422123 0.717577460299092 0.328757978905683 0.538754981566621
1461244131.49577 -2.93844967559734 -3.70319038651021  6.64165886524366 -0.304470707653558 0.705317032350975 0.330145940757926 0.548478923804387
1461244131.69577 -2.83910946113976 -3.66126052707388  6.66060324090345 -0.298026646201 0.692848054479181 0.32270352529334 0.571842746147792
1461244131.85585 -2.77095476757818 -3.61688071410675  6.68196126993003 -0.302883202686618 0.675749591618963 0.327096087798385 0.587054004589095
1461244132.09599 -2.66823532894582 -3.56070129139187   6.6941048772087 -0.307245546135464 0.671167289933287 0.305406532938722 0.601549243987454
1461244132.29562 -2.58648332396996 -3.52835824159847  6.70641350493025 -0.305666411923375 0.660707105186649 0.281337341448289 0.625206738674958
1461244132.49572 -2.51959197997492 -3.50306290939629   6.7281517069734 -0.29987251570057 0.640350042365765 0.272005538395214 0.652718380813582
1461244132.65576 -2.47112793642067 -3.47928429269539  6.74818235999191 -0.296239365943973 0.615643256025988 0.266043176373268 0.680034298899736
1461244132.77562 -2.42955852499269 -3.45735265971821  6.77159210018059 -0.284703684885187 0.589158086150784 0.264425933304802 0.708459940386064
1461244132.89574  -2.3841661730967 -3.44369010725258  6.79036150470656 -0.272959512727174 0.562139236929175 0.251432354166237 0.739103750494376
1461244133.05576 -2.32731430842331 -3.43015797573329  6.82025843286184 -0.261232384218282 0.519022744026029 0.245491795143578 0.775955418266092
1461244133.21878 -2.26321412904616  -3.4251687362298   6.8709775261719 -0.259527102109509 0.467031364056049 0.214991619729565 0.817499842021174
1461244133.33564 -2.20965431068413 -3.42141082373581  6.92510121401132 -0.253695599774637 0.42955036169622 0.176333236269169 0.848546769016579
1461244133.49716 -2.12600668788783 -3.40233277237974  7.01120106109384 -0.231179650354199 0.405827924883624 0.161157596400909 0.869418135173774
1461244133.69562 -1.99532103459227 -3.38608266493715  7.10789563710208 -0.21438344330622 0.430853050194346 0.177692346773377 0.858388500780717
1461244133.8556 -1.88207317012549 -3.37368135529886  7.17880844296669 -0.187805673843658 0.468682356056841 0.21227281207812 0.836663690646119
1461244133.97563 -1.79509151530877 -3.35161205628057  7.24064515948045 -0.182853895588859 0.503202253206068 0.227370332907077 0.813421586233142
1461244134.09561 -1.70803508972788 -3.32464031517309  7.31611545320733 -0.179259844885697 0.517048267449238 0.241029396992914 0.801518450769868
1461244134.21669 -1.61789351323532 -3.30593558748842   7.3907320926024 -0.171722253443729 0.520099657989149 0.248183055041437 0.799007499728305
1461244134.33561 -1.53018816526925 -3.29214344223103  7.45339089138026 -0.182952040214776 0.521678969960927 0.244409422087086 0.796645239536906
1461244134.45554 -1.44716272059847 -3.27709079220967  7.51340178768706 -0.197350391476649 0.521327987424959 0.244185971644989 0.793500575780035
1461244134.57561  -1.3565734950608 -3.25234598907837  7.57155861799701 -0.20185227615248 0.54263345737788 0.245439821727348 0.777537062432807
1461244134.65552 -1.29415562689848 -3.22972627549282  7.60959005632133 -0.207272954436 0.561463672620243 0.249638633219438 0.761233879626683
1461244134.73555 -1.22781125733098  -3.2091218388935  7.64431736372299 -0.208950972160132 0.587814571585621 0.242304224048945 0.74303578895837
1461244134.81819  -1.1652865040952 -3.19001429918098  7.67367289340328 -0.220239236221404 0.602945058691852 0.248471197333106 0.72540609256026
1461244134.89558 -1.10378997372328 -3.16926716051932  7.69478797986819 -0.236665321388625 0.628767332209354 0.255584001943449 0.695210749017104
1461244135.01756 -1.00534340388855 -3.13648578304149  7.71959800966815 -0.241340730437447 0.654033193783266 0.265785491723655 0.665847809676352
1461244135.13558 -0.912965092089083  -3.08900622996932   7.73609397612902 -0.26410905784425 0.674267265347434 0.26652830477603 0.636060314120235
1461244135.21807 -0.85056581506813  -3.0505135111914  7.74038303463528 -0.264992792918373 0.694655315514516 0.264684040622911 0.614145887365761
1461244135.29547 -0.788406579827905  -3.01081505775158   7.73898699496891 -0.277472522803731 0.713082871058951 0.26139868181771 0.588381294090168
1461244135.37559 -0.724054022855899   -2.9777184054859     7.731276746497 -0.270947745208675 0.731970816661115 0.265411110795792 0.566006170627971
1461244135.45557 -0.661198409043836  -2.94746880590961   7.71938849887518 -0.274525092676253 0.742691460680207 0.276178150388559 0.544766919858162
1461244135.57545 -0.565456943038058  -2.90473670402942   7.69580139169543 -0.280493542208033 0.759112570960463 0.278728417666766 0.517089882490817
1461244135.73553 -0.452765209178857  -2.82977292669891   7.65362140143827 -0.289507061030167 0.776815178694538 0.288141726615899 0.47928924997986
1461244135.85549 -0.371155739982044  -2.76488344668205   7.60848873083036 -0.306131194759528 0.795042484713463 0.282147444204009 0.441116717915896
1461244135.97549 -0.290665504491777  -2.70445896073227   7.55295889711572 -0.312304051847108 0.813202261710053 0.278121757643877 0.404742570870195
1461244136.09837 -0.216279327612206  -2.66870499782309   7.47607797994944 -0.315922423670426 0.846478641190908 0.263187311937948 0.338229760761344
1461244136.21784 -0.137824140685501  -2.63872230745035   7.39441549817954 -0.305918418557445 0.867267275273823 0.250994791544369 0.302097681295355
1461244136.33576 -0.0806931937424649   -2.59186644977663    7.30872005065239 -0.316377770331783 0.87999362690992 0.233507315748293 0.266440718603295
1461244136.41776 -0.0570603818883253   -2.55546975348385    7.24650172247551 -0.318845807002958 0.891847967927868 0.222992127287546 0.230692576012622
1461244136.53553 -0.0300750354610226   -2.49917406017802    7.15095480761301 -0.326830645962705 0.897961342950288 0.225623715438819 0.189581366326175
1461244136.65554 -0.0115003523373582   -2.44719873841282    7.04850938902148 -0.336308247151228 0.897475760450251 0.241209568147104 0.152485955210962
1461244136.73548 -0.00581755796322092    -2.41772725170602     6.97957894459232 -0.333531151822853 0.900012860564985 0.252684040488729 0.122002447777266
1461244136.85547 -0.00188943085303794     -2.3728371793608     6.87545272577581 -0.33798182360482 0.898652883234606 0.266976529686064 0.0831553664153822
1461244136.93553 -0.00575420919643932    -2.34173173591629     6.80042455146038 -0.345854917135293 0.899252387591339 0.262985538106332 0.050676685482961
1461244137.01813 -0.0133049953482086   -2.31331368845791    6.72287226612857 -0.346478022925297 0.902837477531422 0.254132133172247 0.0159476544920936
1461244137.09551 -0.0231642738474009   -2.28851525208995    6.64454982276699 -0.350923211354883 0.903418820758446 0.245638639433767 -0.0186813502970862
1461244137.17539 -0.0336436174313746   -2.27088096905654    6.56719948902144 -0.352225230376043 0.902232658124214 0.243726195718544 -0.050111467961187
1461244137.2955 -0.0490687132278933   -2.24957914083471    6.44832623357022 -0.352253914360789 0.899604850203926 0.243817880202505 -0.0847415753962014
1461244137.41538 -0.0759920454796039   -2.23034160752044    6.32719995060434 -0.363508926641804 0.893839059057721 0.240552469108252 -0.105107118505145
1461244137.53543 -0.121828901261411  -2.21251510111316   6.21036791282895 -0.361538081614609 0.895980272144109 0.219835285222607 -0.134840701726486
1461244137.65548 -0.170684973995805   -2.1971225992093   6.09766587003543 -0.371124304122532 0.891479445860606 0.215082005602409 -0.145845395414732
1461244137.77542 -0.221411296732136  -2.18786314907433   5.98694336663074 -0.361491356825703 0.891048716057201 0.230272063176198 -0.149435475954347
1461244137.85537 -0.252125098300255  -2.18667381270083   5.91355347816811 -0.362714667482643 0.890110020602954 0.229653037632854 -0.152976153439576
1461244137.93537 -0.281273921300077  -2.17989097660097    5.8414292123932 -0.365837433981615 0.88725602828391 0.241807457021262 -0.143069444328691
1461244138.05541 -0.334165886511424  -2.16231594738896   5.73095368906207 -0.371286434992121 0.885427678553008 0.244573446388158 -0.13545493185887
1461244138.17527 -0.39514236784459 -2.14088544825074  5.61445669463559 -0.383563654271925 0.883761812473795 0.236293717549454 -0.126527708353776
1461244138.25821 -0.436753239925747  -2.12541826047365   5.53419167973121 -0.391046035362088 0.879336524328825 0.2430627754821 -0.121535025337688
1461244138.33541 -0.475939131413012  -2.11895797943985   5.45546904369618 -0.395254237428598 0.874024964455548 0.253115501354249 -0.125646298303625
1461244138.41614 -0.51115699463564 -2.12142325403881  5.37395248078499 -0.398339299551205 0.873943430031353 0.244087824815162 -0.134051547231246
1461244138.49538 -0.540493084130105  -2.12014424636238   5.29208391665298 -0.396886693906365 0.87603696006267 0.245105524947714 -0.122325297646631
1461244138.57758  -0.5715979103884 -2.11924229259024  5.20976635282186 -0.41065252127123 0.872574451131683 0.239939834632465 -0.111387655341021
1461244138.65537 -0.610035436321509  -2.11274972287926   5.12598310688308 -0.410154166931239 0.876129082221305 0.230406582611275 -0.105281514637609
1461244138.73531 -0.650135700870735  -2.10950145550508   5.03979328022749 -0.40929976235333 0.881232608082195 0.212735956935629 -0.103180461410303
1461244138.81788 -0.686482739626457  -2.10772676796979   4.95497746835514 -0.414642786776479 0.881516633468844 0.203957012080522 -0.0969604121029664
1461244138.89533 -0.717773264888653  -2.10437606276799   4.87039726403911 -0.413681596581831 0.883491464091735 0.204531861104343 -0.0804803536258629
1461244138.97523 -0.748989278760281  -2.10238647897961    4.7894997702446 -0.409424710954141 0.885295909133537 0.206393163971429 -0.0776171449964915
1461244139.05539 -0.775371115700611  -2.09383603042106   4.71163759270681 -0.408020606242417 0.884475517855327 0.213982149842966 -0.0737148746502589
1461244139.13653 -0.794467878793334  -2.07489068591626   4.63218449151921 -0.405198552858882 0.885403328214926 0.220218746793896 -0.058127297438684
1461244139.21884 -0.813136336144957  -2.04964475436183   4.54762250413203 -0.405349020738257 0.886613114769868 0.218665449833941 -0.0423648103209422
1461244139.29534 -0.833784760549946  -2.02269099159652   4.46277868733968 -0.406254373398735 0.88693175517364 0.217290105262705 -0.0330825620823145
1461244139.41746 -0.867616497044101  -1.98447941483987   4.33136867364026 -0.411359460106333 0.884239902354836 0.219463733142054 -0.0271819701252589
1461244139.53522 -0.894287261728492  -1.95765837580339   4.19485623696494 -0.427474152169688 0.873212700984148 0.232746143973818 -0.0243856624288582
1461244139.69524 -0.923456151431868  -1.93148052944883   4.01364541356153 -0.419451760079002 0.874995668388015 0.241298431795564 -0.0147603550716288
1461244139.8553 -0.954257447100304  -1.91560206519515   3.84671826849514 -0.417071591625195 0.883558885396295 0.211724205127451 -0.0234060774080856
1461244140.01734 -0.976469595118765  -1.88747631126216   3.70504641412831 -0.424682661556757 0.879879613252697 0.211974003659052 -0.0228806671254391
1461244140.17518 -0.992816028868284  -1.85632908293356   3.57178948197248 -0.406196487210149 0.885516823735827 0.224308891625303 -0.0234497291407731
1461244140.33521 -1.01031959093888 -1.83039633216504  3.43523749466411 -0.408212280447592 0.885532640125738 0.220542669732978 -0.0235713425745786
1461244140.45521 -1.02211244959605 -1.81407051005225   3.3248360742816 -0.422209654114091 0.881855949085992 0.205418771057951 -0.0432691753046668
1461244140.57511 -1.02746661606706 -1.79721005066176  3.20321490728809 -0.419685562177468 0.884348569193801 0.193724764485327 -0.0652866961161572
1461244140.65594 -1.02998229526308 -1.79319260173108  3.12072550053492 -0.415133693950013 0.886159553640866 0.189032409248414 -0.081559854660107
1461244140.7352 -1.03605021726987 -1.79680285026596   3.0376742287254 -0.400418499075384 0.893462725256211 0.172663373552823 -0.10759527689132
1461244140.81744 -1.05186833881372  -1.8076583410844  2.96095162505529 -0.383792372455744 0.898889387668491 0.155419187845397 -0.143339316418191
1461244140.9352 -1.07897018141427 -1.82399960183723  2.85362794835351 -0.364492692571136 0.907640951337357 0.121565614125175 -0.168981602489829
1461244141.09521 -1.11860983240041 -1.82159742453121  2.72611109276738 -0.380606286540883 0.901233040901125 0.114293513982166 -0.172785570275063
1461244141.2559 -1.16955619575844 -1.81518579790502  2.62436970166648 -0.3862919115893 0.893347483471116 0.125096309599125 -0.192509080672026
1461244141.41735 -1.23212421034882 -1.82019547908124  2.53300254797303 -0.383700817293633 0.88863430616359 0.126296033337367 -0.217145261704234
1461244141.57511 -1.29632437475155 -1.82472942443147  2.45096486706148 -0.398597492136333 0.880991326841288 0.124757918323331 -0.222283114762867
1461244141.69516 -1.35526734458875 -1.83325045313991  2.40202230700487 -0.421190365058982 0.865335773044517 0.124115934245299 -0.24163590614258
1461244141.81514 -1.42536414575979 -1.84685982259251  2.35980185392945 -0.431709288743334 0.851224474136508 0.122244994814421 -0.27221341974005
1461244141.93803 -1.50050859694799 -1.85832019965626  2.32049566094586 -0.440587714779502 0.836938818887971 0.131884525355146 -0.296685609687481
1461244142.05506 -1.58173676073386 -1.85957090292488  2.28822725564983 -0.42270068855602 0.839532889979022 0.147825382512931 -0.307662657504357
1461244142.175  -1.6652132698142 -1.85435198789253  2.25874692025494 -0.393539361554919 0.849945950535948 0.157601489344743 -0.312858470607412
1461244142.29515 -1.75115701908783 -1.85946374154376  2.23252283279269 -0.390140132548177 0.844752624103676 0.173228382800855 -0.32276246441841
1461244142.3767 -1.80253718487388 -1.87163491717421  2.20770562588108 -0.39476880970879 0.842149650831024 0.177087069463802 -0.321841144534088
1461244142.45502  -1.8502081235337 -1.88510025830603  2.18147987527267 -0.401411845381986 0.84222855138861 0.180592228801133 -0.311297357055134
1461244142.5351 -1.89848528174721 -1.89410859262009  2.15795563854917 -0.398238370500585 0.844652430539556 0.189697841198015 -0.30328732398416
1461244142.61506 -1.94465243595848 -1.89786468029767  2.13575741544589 -0.384193385575178 0.852752666709823 0.194998744205519 -0.295269066544126
1461244142.69548 -1.99077701445551 -1.89713170434655  2.11348241041427 -0.370613778920274 0.855193290198026 0.204663835479211 -0.299002638318876
1461244142.77498 -2.03472612170005  -1.8942052924661  2.09319290511111 -0.359498922395218 0.857777075709826 0.211376542815736 -0.300497870758919
1461244142.85515 -2.07518170536971 -1.88261553354177  2.06106830584588 -0.35735103782527 0.861860729313741 0.215396991118142 -0.288271495727969
1461244142.93509 -2.11501032045452 -1.86266907752993  2.02470427350898 -0.350392350506601 0.865504217397314 0.232784431222915 -0.271917375233997
1461244143.01705 -2.15661476779361  -1.8469708069242  1.98376614926508 -0.354771929784699 0.86240519207188 0.244460211825829 -0.265769387549385
1461244143.09517 -2.19700995134944 -1.83620184890101  1.93864478593357 -0.35509844718229 0.863087114142676 0.245344748829887 -0.262281681463259
1461244143.17484 -2.23702381995146 -1.82706772632153  1.89273673275002 -0.346490369669045 0.86417753999322 0.251797347547133 -0.264082750035105
1461244143.25513 -2.27211109062275 -1.82288584621658  1.84232669413561 -0.348553886521317 0.861535195978209 0.259183918330601 -0.262851651622109
1461244143.33506 -2.30220652521314 -1.82050526951519  1.78838699290744 -0.346473422259148 0.864526114925001 0.262251717507457 -0.252536731873024
1461244143.42084  -2.3301234100233 -1.81995931732484  1.73211569546033 -0.346501207665357 0.865725989141656 0.261773844038953 -0.248857146548416
1461244143.49502 -2.35935581317295 -1.81674717054354  1.68421298537286 -0.341452824493643 0.867321607569624 0.265634032324043 -0.246174244305586
1461244143.57497 -2.38771652025867   -1.809514964754  1.63029073001201 -0.343710445986993 0.867943041325409 0.269236140097125 -0.236748616046267
1461244143.65605 -2.41572524770731 -1.79929762783721  1.57466679715168 -0.350084696027902 0.868410465533617 0.270782127227262 -0.223564327505568
1461244143.73679 -2.44328172804363 -1.78544611400025  1.51678113597239 -0.35846175928515 0.868745294864789 0.273024551324883 -0.205534362466067
1461244143.82126 -2.46950113874611 -1.76895306784871  1.45567819406164 -0.365089714389351 0.86803576963249 0.279336459637982 -0.187602093278704
1461244143.89646 -2.49499111389015 -1.75068452860826  1.39560581253116 -0.368990811968258 0.868203456895511 0.285883101597798 -0.168343073330965
1461244143.97617 -2.51275171780232 -1.73311979790139  1.33440673014496 -0.381520186215144 0.862057362924356 0.299455319048256 -0.147057684029003
1461244144.05497 -2.52038051333103 -1.71719340011361  1.27223845184192 -0.398701167498277 0.854143560691817 0.308963312562497 -0.126561559150574
1461244144.13745   -2.513690348692 -1.70207684061457  1.21043699732131 -0.41438764919177 0.851274097959567 0.307376699579239 -0.0955764139116917
1461244144.21797 -2.50224793612264 -1.68572256494688  1.15403926604569 -0.414862873940181 0.854726469663648 0.303724305758728 -0.0712951889946949
1461244144.29488 -2.48610719536626 -1.66331558741156  1.09903258124941 -0.410556471465425 0.859792415851125 0.300570192472532 -0.0431038835810909
1461244144.37778 -2.46033017582334 -1.63352470680019  1.04357222012072 -0.415688166433662 0.85896915325453 0.298945115167044 0.00267584789911567
1461244144.45611 -2.42396449596199 -1.59782864782991 0.990529904517063 -0.429699551787611 0.851660495752193 0.29453623740037 0.057280887097594
1461244144.53495 -2.38421238085142 -1.55586681967376 0.938875214201333 -0.434398658072779 0.845309744538015 0.288752602351014 0.115633802536982
1461244144.61772 -2.34253100948826 -1.51868847749294 0.891743121060665 -0.432117584299186 0.843045795816706 0.274981447764813 0.164113932621154
1461244144.69505 -2.30215070719158 -1.48819040884936 0.851141640269004 -0.416082902282534 0.847732857631483 0.258062459448109 0.204028888992947
1461244144.7749 -2.26503707739227 -1.45873317722641 0.816232798669719 -0.394263015925393 0.84660544525164 0.262179824668338 0.243058910308934
1461244144.85501 -2.22698725170761 -1.43676680493651 0.793835176442828 -0.397034826320563 0.830753060714609 0.262299007749086 0.28881123478105
1461244144.97499 -2.17455597867459 -1.41005328305199 0.770176556311432 -0.389079193112306 0.809001345260438 0.267020322684753 0.350477320417754
1461244145.09492 -2.12356830256417 -1.37687678128952 0.745254132570898 -0.393876076471131 0.781007900166926 0.266724318631268 0.404655945355116
1461244145.21689 -2.07456704231759 -1.33995908255765 0.717401010933345 -0.379925228609192 0.761528667211233 0.271104644136641 0.449703437399895
1461244145.33495 -2.02424995733507 -1.30064959396129 0.683812163798706 -0.356586698390286 0.74880399370671 0.270091735836951 0.489069483583447
1461244145.49495 -1.95718190551136 -1.26337594519593 0.635219305708194 -0.317636532150995 0.738888011869909 0.264882949406977 0.531966693009519
1461244145.61664 -1.90346595454976 -1.23998018245715 0.609071436958354 -0.309515753741082 0.708812586886838 0.264237689963052 0.576162440688274
1461244145.73492 -1.84968216138095 -1.20716603618465  0.58626219569725 -0.30130008617856 0.678177559419015 0.26841027825856 0.614206299621245
1461244145.85493  -1.7892961723588 -1.15972980991183 0.566237778022062 -0.297391510186299 0.650182669331335 0.257780811075247 0.649899868911881
1461244145.97635 -1.71648085434104 -1.09938888373212 0.546358852500847 -0.287548852622335 0.629291881429061 0.243418962910553 0.679745977419949
1461244146.09489 -1.63333588238819 -1.05330270226314 0.522503263926485 -0.27135458555911 0.622677502640602 0.220666844387205 0.699961113483814
1461244146.17524 -1.57721391863896 -1.02729903599976  0.51056235807798 -0.256964405202763 0.6061609055804 0.218085248796588 0.720400635245465
1461244146.25493 -1.52640530912414 -1.00635018073828 0.498870892858591 -0.258218439313993 0.583752189470317 0.21048552566118 0.740440721715111
1461244146.37488  -1.45153677094621 -0.969156881717719  0.473017535127286 -0.255979392500728 0.563024508039166 0.219931608539004 0.754392498324088
1461244146.49484  -1.37975700630511 -0.924686869906975  0.456606100702623 -0.252950792204364 0.536765475714844 0.21588030592721 0.775431759935441
1461244146.57476  -1.33085696816119 -0.890871775671733  0.445021788548313 -0.245851226481775 0.52053592672699 0.20996298861327 0.790262656865719
1461244146.65487  -1.27855851972494 -0.855438844730285   0.42923794697973 -0.231407946876834 0.508707883038438 0.204561655915086 0.803630002417828
1461244146.73644  -1.22526632144406 -0.823867003367454  0.411718280950678 -0.219960174875866 0.494404699381719 0.194429574252977 0.818155642499431
1461244146.81694   -1.1746643304827 -0.798969719425912  0.395881191500846 -0.205975767917744 0.47279989044161 0.187756228599025 0.835931722840668
1461244146.89491  -1.12732869917479 -0.777200513244395  0.375526937762489 -0.200570558084114 0.445249969485863 0.184076248151198 0.85301808349486
1461244146.975  -1.08122919379184 -0.757439922020312  0.359600696452786 -0.199725226845058 0.42968206446017 0.176468871881115 0.862752510572959
1461244147.05501  -1.03592596920598 -0.735406622422863  0.343018221345093 -0.194455568273219 0.414798581182065 0.172019232289048 0.872088615187455
1461244147.13559 -0.991885575163533  -0.70635861054618  0.331548049406365 -0.19017388591848 0.397425068244215 0.170817474464725 0.881310727645613
1461244147.2548 -0.925220984304254 -0.655924002805391  0.320980473631482 -0.183051112147566 0.37608588575203 0.154066011657176 0.895162198113672
1461244147.37496 -0.855774422862811 -0.595570449795744  0.318881405870944 -0.17701915881034 0.364375898300155 0.148358487435919 0.902155297805074
1461244147.45488 -0.812523297134618 -0.566780643512519  0.320551635202575 -0.162706881282324 0.3556478602908 0.138540896304171 0.909861247831334
1461244147.53476 -0.775797968791026 -0.543175700778495   0.32494418325079 -0.150506234376386 0.332323065942482 0.139531983341304 0.920565086716454
1461244147.65486 -0.735507980147851 -0.520406751082423  0.322777233337297 -0.151887878097444 0.291929488784587 0.116372445930667 0.937104423153119
1461244147.77487  -0.70584916958043 -0.516325450170749  0.316481423952256 -0.136365381593403 0.260241660236789 0.106542803119642 0.949909149384032
1461244147.89482 -0.688762679530322 -0.541751459045634  0.305564059978105 -0.102523680081856 0.222780702369561 0.0771115218047705 0.966390949294927
1461244147.9747 -0.688419222348452 -0.566776030905956  0.295940911756467 -0.0714371858096947 0.19384199368044 0.0631889493663148 0.976385767331522
1461244148.05484 -0.698021458763658 -0.597386713667918  0.281311380542247 -0.0344300778792635 0.159016183969394 0.0473052984681858 0.985540781352997
1461244148.13482  -0.71399430941743 -0.631104172895059  0.256103021073493 -0.000348741758733773 0.123133204514832 0.034671447072128 0.991784242203424
1461244148.21758  -0.73516071152243 -0.668526454915442  0.223217177802825 0.0394311322117382 0.0886304015877327 0.0203473716818869 0.995075787160223
1461244148.29472 -0.762028986845617 -0.702760482617549  0.183993858389041 0.0680018591138222 0.0509276753138775 0.0147512747239722 0.996275322859202
1461244148.41736  -0.80526704601388 -0.742528326673823  0.119466197265813 0.0956317143810252 0.0192561173810139 0.0176331819074562 0.995074292725811
1461244148.53469 -0.859949645672024 -0.767586019751698 0.0516765964714019 0.109159962606191 -0.00838867964265161 0.0177765077959721 0.993829828687109
1461244148.65475  -0.927500618096241  -0.784824311685339 -0.0306240757221301 0.129627243308989 -0.0226361290274473 0.0107951837144819 0.991245604007067
1461244148.77578  -1.01186263385525 -0.802187905630972 -0.117537760476823 0.147598232215104 -0.0392675455052735 0.0157011411631665 0.988142851961771
1461244148.89575  -1.10633371998044 -0.817659930662185 -0.214212955872713 0.160479221737911 -0.0666392034692495 0.0180721466478047 0.984621263972558
1461244149.01687  -1.19547548623178 -0.831412139078429 -0.318371627762901 0.16225799220001 -0.0910077230843772 0.0178875622513567 0.982379750108339
1461244149.13473  -1.28617382671398 -0.848147242083309   -0.4255538555577 0.18056090008359 -0.127062795272496 0.0101129920136607 0.97526946779394
1461244149.25473   -1.3797745784359  -0.85419294614224 -0.542619850927346 0.196696439479816 -0.159278948754999 -0.0120552027946139 0.967365184025684
1461244149.33489  -1.44110645358332 -0.847896952416136 -0.622065905192634 0.205239721304206 -0.186998263076833 -0.0215021779022895 0.9604405045346
1461244149.41698  -1.50392840050331 -0.834366557237045 -0.706124120471336 0.204415097815455 -0.221272845994135 -0.0382532382504812 0.952779872359878
1461244149.53462   -1.5934529471123 -0.810310644098883 -0.825255202797249 0.195834063391223 -0.253922850717148 -0.0478141175578522 0.945984151908225
1461244149.65466   -1.6829982315456  -0.78760888860395 -0.948496700996945 0.191542393804355 -0.285635807243971 -0.0668081119021457 0.936621787692264
1461244149.77497  -1.77929697247788 -0.780205690785311  -1.07029013607722 0.204753514846106 -0.314841946710712 -0.0666702410148831 0.924394734792768
1461244149.89461 -1.87986450522076 -0.77632726855478 -1.18644976670235 0.213849122275496 -0.334095706390978 -0.0608453266626293 0.915940204432817
1461244150.01621  -1.99163902765474 -0.774289586032938  -1.29204104723877 0.209752610371202 -0.332749826234857 -0.0751747455318268 0.916313348815439
1461244150.13467  -2.09848998551945 -0.775455508609107  -1.41060519968958 0.200207967487131 -0.3547548998138 -0.074516799112132 0.910226882410564
1461244150.25466  -2.18709764166334 -0.783993790007984  -1.53513171158374 0.203733468508404 -0.367469911616625 -0.0769582713132703 0.904176953003381
1461244150.37458   -2.2734444047485 -0.794261199167227  -1.65105403291832 0.205857495174705 -0.382825960036966 -0.0566144806617778 0.89881131311392
1461244150.49463  -2.34788731210368 -0.800993253113221  -1.76734467906848 0.21479875760967 -0.408916742505489 -0.0550900603268665 0.885219564108941
1461244150.65463  -2.43106792946268 -0.813658491689174  -1.90582831002362 0.205099128307157 -0.428262322407605 -0.0469352683384735 0.87881898668593
1461244150.81681  -2.48371070993791 -0.853741874138539  -2.01914260742459 0.222729115286904 -0.447208365384095 -0.034875606270434 0.865551911338233
1461244151.01669   -2.5074160328706 -0.927645129662407  -2.11877682289568 0.2516302248896 -0.46421651270875 -0.0091271614008069 0.849177221889106
1461244151.33465 -2.46528457247513 -1.01394875615168  -2.1075326033333 0.256370278795604 -0.454123804174334 0.0463859837632271 0.851994243608966
1461244151.49447  -2.3870358479656 -1.02542472478195 -2.03119997924176 0.257860310210149 -0.420039742057762 0.0688043187665698 0.867375720913055
1461244151.65461  -2.2876913960422 -1.00211950488904 -1.92317189239907 0.26462819401306 -0.393434526104945 0.088700096613692 0.875964317459727
1461244151.77448   -2.2103433248166 -0.959574704612226  -1.82160293232992 0.2464529777103 -0.373723068388627 0.0826592924253735 0.89037039444697
1461244151.89532   -2.1322068104691 -0.904203650157833  -1.70284392228037 0.217853614967782 -0.364801508321269 0.104575206300612 0.899179452722971
1461244151.97441  -2.07816047077179 -0.863753066451257  -1.61354071758595 0.187399507399872 -0.340503895933649 0.084140482309421 0.917528692040216
1461244152.09447  -1.9891291241751 -0.81265682792662 -1.47826196957309 0.166779470098174 -0.309845805208775 0.105436004333302 0.930087863773378
1461244152.17445  -1.92604367156888 -0.782073221550125  -1.38798669504729 0.163209195706931 -0.279311309189166 0.0870873196826119 0.942212157502879
1461244152.25449   -1.8581031773311 -0.755169046230073  -1.30176187717309 0.159162331182105 -0.24791304575253 0.0739355420832906 0.952753908255029
1461244152.37445  -1.75941453533829 -0.724311232319503  -1.18289001712092 0.147991396193523 -0.225182390563549 0.0720899898191603 0.960309570399385
1461244152.65447  -1.54980541466768 -0.680584485123176 -0.909037409899064 0.111332688988228 -0.205263490044637 0.0581370733173013 0.970614245065178
1461244152.77444  -1.47107703226926 -0.660664991482084 -0.791832598553474 0.107277039649665 -0.209953462422309 0.0406761099718903 0.970956556421781
1461244152.89456  -1.38847939197462 -0.646440232980743 -0.687646636135064 0.119249679466291 -0.203851765106239 0.0284071531659749 0.971296558966036
1461244153.0545  -1.29522866867152 -0.632993631908194 -0.563440826195894 0.122998219814493 -0.218769716666336 0.0254176791456607 0.967659646042473
1461244153.29452  -1.16699201126687 -0.607260122229196 -0.349690467525911 0.100828453072951 -0.234327733643952 0.0180277117093059 0.966746677215252
1461244153.41438  -1.09319443977458 -0.590805798191124 -0.231673644173078 0.107322702745413 -0.208909080050212 0.0225493267176759 0.971766618902179
1461244153.53443  -1.01561559665735  -0.57405636788804 -0.123321227567627 0.108938419863973 -0.186604744829011 0.018647717222955 0.976198418625647
1461244153.65431  -0.933137720665685   -0.56506285239937 -0.0342351918195989 0.101704811524836 -0.161287583933791 0.0244625684149787 0.981348067368577
1461244153.8944 -0.784784879667423 -0.532100285812286  0.100336016507467 0.102110235418558 -0.167020404688246 0.0312719323780412 0.980152921990178
1461244154.01459 -0.712854658563279  -0.49577581122164  0.155997330855704 0.101109549592835 -0.173437576231431 0.0311228539006535 0.979146380321747
1461244154.25429 -0.584821028522955 -0.410370781730134  0.241903091982606 0.0839449140355197 -0.177932218776819 0.0616297876598096 0.978516809360848
1461244154.41612 -0.519028966136412 -0.382954885744997  0.279565448581365 0.0727269044755241 -0.166117395973255 0.0615645310316591 0.981491526524465
1461244154.57433 -0.470803205304248 -0.363565084469798  0.316309634454108 0.0643399517449412 -0.14547413387089 0.0732590331859881 0.984545966951583
